(kicad_pcb (version 20171130) (host pcbnew 5.0.2)

  (general
    (thickness 1.6)
    (drawings 0)
    (tracks 0)
    (zones 0)
    (modules 12)
    (nets 54)
  )

  (page A4)
  (layers
    (0 F.Cu signal)
    (31 B.Cu signal)
    (32 B.Adhes user)
    (33 F.Adhes user)
    (34 B.Paste user)
    (35 F.Paste user)
    (36 B.SilkS user)
    (37 F.SilkS user)
    (38 B.Mask user)
    (39 F.Mask user)
    (40 Dwgs.User user)
    (41 Cmts.User user)
    (42 Eco1.User user)
    (43 Eco2.User user)
    (44 Edge.Cuts user)
    (45 Margin user)
    (46 B.CrtYd user)
    (47 F.CrtYd user)
    (48 B.Fab user)
    (49 F.Fab user)
  )

  (setup
    (last_trace_width 0.25)
    (trace_clearance 0.2)
    (zone_clearance 0.508)
    (zone_45_only no)
    (trace_min 0.2)
    (segment_width 0.2)
    (edge_width 0.15)
    (via_size 0.8)
    (via_drill 0.4)
    (via_min_size 0.4)
    (via_min_drill 0.3)
    (uvia_size 0.3)
    (uvia_drill 0.1)
    (uvias_allowed no)
    (uvia_min_size 0.2)
    (uvia_min_drill 0.1)
    (pcb_text_width 0.3)
    (pcb_text_size 1.5 1.5)
    (mod_edge_width 0.15)
    (mod_text_size 1 1)
    (mod_text_width 0.15)
    (pad_size 1.524 1.524)
    (pad_drill 0.762)
    (pad_to_mask_clearance 0.051)
    (solder_mask_min_width 0.25)
    (aux_axis_origin 0 0)
    (visible_elements FFFFFF7F)
    (pcbplotparams
      (layerselection 0x010fc_ffffffff)
      (usegerberextensions false)
      (usegerberattributes false)
      (usegerberadvancedattributes false)
      (creategerberjobfile false)
      (excludeedgelayer true)
      (linewidth 0.100000)
      (plotframeref false)
      (viasonmask false)
      (mode 1)
      (useauxorigin false)
      (hpglpennumber 1)
      (hpglpenspeed 20)
      (hpglpendiameter 15.000000)
      (psnegative false)
      (psa4output false)
      (plotreference true)
      (plotvalue true)
      (plotinvisibletext false)
      (padsonsilk false)
      (subtractmaskfromsilk false)
      (outputformat 1)
      (mirror false)
      (drillshape 1)
      (scaleselection 1)
      (outputdirectory ""))
  )

  (net 0 "")
  (net 1 "Net-(R1-Pad1)")
  (net 2 "Net-(R1-Pad2)")
  (net 3 "Net-(R2-Pad2)")
  (net 4 "Net-(R2-Pad1)")
  (net 5 "Net-(R3-Pad1)")
  (net 6 "Net-(R3-Pad2)")
  (net 7 "Net-(R4-Pad2)")
  (net 8 "Net-(R4-Pad1)")
  (net 9 "Net-(R5-Pad1)")
  (net 10 "Net-(R5-Pad2)")
  (net 11 "Net-(R6-Pad2)")
  (net 12 "Net-(R6-Pad1)")
  (net 13 "Net-(R7-Pad1)")
  (net 14 "Net-(R7-Pad2)")
  (net 15 "Net-(R8-Pad2)")
  (net 16 "Net-(R8-Pad1)")
  (net 17 "Net-(U1-Pad1)")
  (net 18 "Net-(U1-Pad2)")
  (net 19 "Net-(U1-Pad3)")
  (net 20 GND)
  (net 21 "Net-(U1-Pad5)")
  (net 22 "Net-(U1-Pad6)")
  (net 23 "Net-(U1-Pad7)")
  (net 24 "Net-(U1-Pad8)")
  (net 25 "Net-(U1-Pad10)")
  (net 26 "Net-(U1-Pad11)")
  (net 27 "Net-(U1-Pad12)")
  (net 28 "Net-(U1-Pad13)")
  (net 29 "Net-(U1-Pad14)")
  (net 30 "Net-(U1-Pad15)")
  (net 31 "Net-(U1-Pad16)")
  (net 32 "Net-(U1-Pad17)")
  (net 33 "Net-(U1-Pad18)")
  (net 34 +5V)
  (net 35 "Net-(U1-Pad20)")
  (net 36 "Net-(U1-Pad21)")
  (net 37 "Net-(U1-Pad22)")
  (net 38 "Net-(U1-Pad23)")
  (net 39 "Net-(U1-Pad24)")
  (net 40 +12V)
  (net 41 "Net-(U3-Pad2)")
  (net 42 "Net-(U3-Pad3)")
  (net 43 "Net-(U3-Pad4)")
  (net 44 "Net-(U3-Pad5)")
  (net 45 "Net-(U3-Pad6)")
  (net 46 "Net-(U3-Pad7)")
  (net 47 "Net-(U3-Pad10)")
  (net 48 "Net-(U3-Pad11)")
  (net 49 "Net-(U3-Pad12)")
  (net 50 "Net-(U3-Pad13)")
  (net 51 "Net-(U3-Pad14)")
  (net 52 "Net-(U3-Pad15)")
  (net 53 "Net-(U4-Pad3)")

  (net_class Default "This is the default net class."
    (clearance 0.2)
    (trace_width 0.25)
    (via_dia 0.8)
    (via_drill 0.4)
    (uvia_dia 0.3)
    (uvia_drill 0.1)
    (add_net +12V)
    (add_net +5V)
    (add_net GND)
    (add_net "Net-(R1-Pad1)")
    (add_net "Net-(R1-Pad2)")
    (add_net "Net-(R2-Pad1)")
    (add_net "Net-(R2-Pad2)")
    (add_net "Net-(R3-Pad1)")
    (add_net "Net-(R3-Pad2)")
    (add_net "Net-(R4-Pad1)")
    (add_net "Net-(R4-Pad2)")
    (add_net "Net-(R5-Pad1)")
    (add_net "Net-(R5-Pad2)")
    (add_net "Net-(R6-Pad1)")
    (add_net "Net-(R6-Pad2)")
    (add_net "Net-(R7-Pad1)")
    (add_net "Net-(R7-Pad2)")
    (add_net "Net-(R8-Pad1)")
    (add_net "Net-(R8-Pad2)")
    (add_net "Net-(U1-Pad1)")
    (add_net "Net-(U1-Pad10)")
    (add_net "Net-(U1-Pad11)")
    (add_net "Net-(U1-Pad12)")
    (add_net "Net-(U1-Pad13)")
    (add_net "Net-(U1-Pad14)")
    (add_net "Net-(U1-Pad15)")
    (add_net "Net-(U1-Pad16)")
    (add_net "Net-(U1-Pad17)")
    (add_net "Net-(U1-Pad18)")
    (add_net "Net-(U1-Pad2)")
    (add_net "Net-(U1-Pad20)")
    (add_net "Net-(U1-Pad21)")
    (add_net "Net-(U1-Pad22)")
    (add_net "Net-(U1-Pad23)")
    (add_net "Net-(U1-Pad24)")
    (add_net "Net-(U1-Pad3)")
    (add_net "Net-(U1-Pad5)")
    (add_net "Net-(U1-Pad6)")
    (add_net "Net-(U1-Pad7)")
    (add_net "Net-(U1-Pad8)")
    (add_net "Net-(U3-Pad10)")
    (add_net "Net-(U3-Pad11)")
    (add_net "Net-(U3-Pad12)")
    (add_net "Net-(U3-Pad13)")
    (add_net "Net-(U3-Pad14)")
    (add_net "Net-(U3-Pad15)")
    (add_net "Net-(U3-Pad2)")
    (add_net "Net-(U3-Pad3)")
    (add_net "Net-(U3-Pad4)")
    (add_net "Net-(U3-Pad5)")
    (add_net "Net-(U3-Pad6)")
    (add_net "Net-(U3-Pad7)")
    (add_net "Net-(U4-Pad3)")
  )

  (module Display_7Segment:KCSC02-105 (layer F.Cu) (tedit 5A02FE84) (tstamp 5C7C7913)
    (at 124.46 55.88 180)
    (descr "http://www.kingbright.com/attachments/file/psearch/000/00/00/KCSC02-105(Ver.9A).pdf")
    (tags "Single digit 7 segement hyper red LED")
    (path /5C7C6C1B)
    (attr smd)
    (fp_text reference U4 (at -4.39 -4.56 180) (layer F.SilkS)
      (effects (font (size 1 1) (thickness 0.15)))
    )
    (fp_text value KCSA02-105 (at -1.51 4.55 180) (layer F.Fab)
      (effects (font (size 1 1) (thickness 0.15)))
    )
    (fp_text user %R (at 0.61 0.01 180) (layer F.Fab)
      (effects (font (size 1 1) (thickness 0.15)))
    )
    (fp_line (start -6.65 -3.7) (end 6.65 -3.7) (layer F.CrtYd) (width 0.05))
    (fp_line (start 6.65 -3.7) (end 6.65 3.7) (layer F.CrtYd) (width 0.05))
    (fp_line (start 6.65 3.7) (end -6.65 3.7) (layer F.CrtYd) (width 0.05))
    (fp_line (start -6.65 -3.7) (end -6.65 3.7) (layer F.CrtYd) (width 0.05))
    (fp_line (start 5.06 3.57) (end -5.06 3.57) (layer F.SilkS) (width 0.12))
    (fp_line (start -5.06 -3.57) (end 0 -3.57) (layer F.SilkS) (width 0.12))
    (fp_line (start 5 3.45) (end -5 3.45) (layer F.Fab) (width 0.1))
    (fp_line (start -5 3.45) (end -5 -1.45) (layer F.Fab) (width 0.1))
    (fp_line (start -5 -1.45) (end -3 -3.45) (layer F.Fab) (width 0.1))
    (fp_line (start -3 -3.45) (end 5 -3.45) (layer F.Fab) (width 0.1))
    (fp_line (start 5 -3.45) (end 5 3.45) (layer F.Fab) (width 0.1))
    (pad 1 smd rect (at -5 -2.88 180) (size 2.8 0.9) (layers F.Cu F.Paste F.Mask)
      (net 9 "Net-(R5-Pad1)"))
    (pad 2 smd rect (at -5 -1.44 180) (size 2.8 0.9) (layers F.Cu F.Paste F.Mask)
      (net 8 "Net-(R4-Pad1)"))
    (pad 3 smd rect (at -5 0 180) (size 2.8 0.9) (layers F.Cu F.Paste F.Mask)
      (net 53 "Net-(U4-Pad3)"))
    (pad 4 smd rect (at -5 1.44 180) (size 2.8 0.9) (layers F.Cu F.Paste F.Mask)
      (net 5 "Net-(R3-Pad1)"))
    (pad 5 smd rect (at -5 2.88 180) (size 2.8 0.9) (layers F.Cu F.Paste F.Mask)
      (net 16 "Net-(R8-Pad1)"))
    (pad 6 smd rect (at 5 2.88 180) (size 2.8 0.9) (layers F.Cu F.Paste F.Mask)
      (net 4 "Net-(R2-Pad1)"))
    (pad 7 smd rect (at 5 1.44 180) (size 2.8 0.9) (layers F.Cu F.Paste F.Mask)
      (net 1 "Net-(R1-Pad1)"))
    (pad 8 smd rect (at 5 0 180) (size 2.8 0.9) (layers F.Cu F.Paste F.Mask)
      (net 53 "Net-(U4-Pad3)"))
    (pad 9 smd rect (at 5 -1.44 180) (size 2.8 0.9) (layers F.Cu F.Paste F.Mask)
      (net 12 "Net-(R6-Pad1)"))
    (pad 10 smd rect (at 5 -2.88 180) (size 2.8 0.9) (layers F.Cu F.Paste F.Mask)
      (net 13 "Net-(R7-Pad1)"))
    (model ${KISYS3DMOD}/Display_7Segment.3dshapes/KCSC02-105.wrl
      (at (xyz 0 0 0))
      (scale (xyz 1 1 1))
      (rotate (xyz 0 0 0))
    )
  )

  (module Package_SO:SOIC-16W_5.3x10.2mm_P1.27mm (layer F.Cu) (tedit 5A02F2D3) (tstamp 5C7C78F9)
    (at 76.46 71.755)
    (descr "16-Lead Plastic Small Outline (SO) - Wide, 5.3 mm Body (http://www.ti.com/lit/ml/msop002a/msop002a.pdf)")
    (tags "SOIC 1.27")
    (path /5C7C8D83)
    (attr smd)
    (fp_text reference U3 (at 0 -6.2) (layer F.SilkS)
      (effects (font (size 1 1) (thickness 0.15)))
    )
    (fp_text value SN75374D (at 0 6.2) (layer F.Fab)
      (effects (font (size 1 1) (thickness 0.15)))
    )
    (fp_text user %R (at 0 0) (layer F.Fab)
      (effects (font (size 1 1) (thickness 0.15)))
    )
    (fp_line (start -1.65 -5.1) (end 2.65 -5.1) (layer F.Fab) (width 0.15))
    (fp_line (start 2.65 -5.1) (end 2.65 5.1) (layer F.Fab) (width 0.15))
    (fp_line (start 2.65 5.1) (end -2.65 5.1) (layer F.Fab) (width 0.15))
    (fp_line (start -2.65 5.1) (end -2.65 -4.1) (layer F.Fab) (width 0.15))
    (fp_line (start -2.65 -4.1) (end -1.65 -5.1) (layer F.Fab) (width 0.15))
    (fp_line (start -4.55 -5.45) (end -4.55 5.45) (layer F.CrtYd) (width 0.05))
    (fp_line (start 4.55 -5.45) (end 4.55 5.45) (layer F.CrtYd) (width 0.05))
    (fp_line (start -4.55 -5.45) (end 4.55 -5.45) (layer F.CrtYd) (width 0.05))
    (fp_line (start -4.55 5.45) (end 4.55 5.45) (layer F.CrtYd) (width 0.05))
    (fp_line (start -2.775 -5.275) (end -2.775 -5) (layer F.SilkS) (width 0.15))
    (fp_line (start 2.775 -5.275) (end 2.775 -4.92) (layer F.SilkS) (width 0.15))
    (fp_line (start 2.775 5.275) (end 2.775 4.92) (layer F.SilkS) (width 0.15))
    (fp_line (start -2.775 5.275) (end -2.775 4.92) (layer F.SilkS) (width 0.15))
    (fp_line (start -2.775 -5.275) (end 2.775 -5.275) (layer F.SilkS) (width 0.15))
    (fp_line (start -2.775 5.275) (end 2.775 5.275) (layer F.SilkS) (width 0.15))
    (fp_line (start -2.775 -5) (end -4.3 -5) (layer F.SilkS) (width 0.15))
    (pad 1 smd rect (at -3.55 -4.445) (size 1.5 0.6) (layers F.Cu F.Paste F.Mask)
      (net 40 +12V))
    (pad 2 smd rect (at -3.55 -3.175) (size 1.5 0.6) (layers F.Cu F.Paste F.Mask)
      (net 41 "Net-(U3-Pad2)"))
    (pad 3 smd rect (at -3.55 -1.905) (size 1.5 0.6) (layers F.Cu F.Paste F.Mask)
      (net 42 "Net-(U3-Pad3)"))
    (pad 4 smd rect (at -3.55 -0.635) (size 1.5 0.6) (layers F.Cu F.Paste F.Mask)
      (net 43 "Net-(U3-Pad4)"))
    (pad 5 smd rect (at -3.55 0.635) (size 1.5 0.6) (layers F.Cu F.Paste F.Mask)
      (net 44 "Net-(U3-Pad5)"))
    (pad 6 smd rect (at -3.55 1.905) (size 1.5 0.6) (layers F.Cu F.Paste F.Mask)
      (net 45 "Net-(U3-Pad6)"))
    (pad 7 smd rect (at -3.55 3.175) (size 1.5 0.6) (layers F.Cu F.Paste F.Mask)
      (net 46 "Net-(U3-Pad7)"))
    (pad 8 smd rect (at -3.55 4.445) (size 1.5 0.6) (layers F.Cu F.Paste F.Mask)
      (net 20 GND))
    (pad 9 smd rect (at 3.55 4.445) (size 1.5 0.6) (layers F.Cu F.Paste F.Mask)
      (net 40 +12V))
    (pad 10 smd rect (at 3.55 3.175) (size 1.5 0.6) (layers F.Cu F.Paste F.Mask)
      (net 47 "Net-(U3-Pad10)"))
    (pad 11 smd rect (at 3.55 1.905) (size 1.5 0.6) (layers F.Cu F.Paste F.Mask)
      (net 48 "Net-(U3-Pad11)"))
    (pad 12 smd rect (at 3.55 0.635) (size 1.5 0.6) (layers F.Cu F.Paste F.Mask)
      (net 49 "Net-(U3-Pad12)"))
    (pad 13 smd rect (at 3.55 -0.635) (size 1.5 0.6) (layers F.Cu F.Paste F.Mask)
      (net 50 "Net-(U3-Pad13)"))
    (pad 14 smd rect (at 3.55 -1.905) (size 1.5 0.6) (layers F.Cu F.Paste F.Mask)
      (net 51 "Net-(U3-Pad14)"))
    (pad 15 smd rect (at 3.55 -3.175) (size 1.5 0.6) (layers F.Cu F.Paste F.Mask)
      (net 52 "Net-(U3-Pad15)"))
    (pad 16 smd rect (at 3.55 -4.445) (size 1.5 0.6) (layers F.Cu F.Paste F.Mask)
      (net 34 +5V))
    (model ${KISYS3DMOD}/Package_SO.3dshapes/SOIC-16W_5.3x10.2mm_P1.27mm.wrl
      (at (xyz 0 0 0))
      (scale (xyz 1 1 1))
      (rotate (xyz 0 0 0))
    )
  )

  (module Package_SO:SOIC-18W_7.5x11.6mm_P1.27mm (layer F.Cu) (tedit 5A02F2D3) (tstamp 5C7C78D4)
    (at 75.82 50.8)
    (descr "18-Lead Plastic Small Outline (SO) - Wide, 7.50 mm Body [SOIC] (see Microchip Packaging Specification 00000049BS.pdf)")
    (tags "SOIC 1.27")
    (path /5C78A3F1)
    (attr smd)
    (fp_text reference U2 (at 0 -6.875) (layer F.SilkS)
      (effects (font (size 1 1) (thickness 0.15)))
    )
    (fp_text value TBD62783A-NPN (at 0 6.875) (layer F.Fab)
      (effects (font (size 1 1) (thickness 0.15)))
    )
    (fp_text user %R (at 0 0) (layer F.Fab)
      (effects (font (size 1 1) (thickness 0.15)))
    )
    (fp_line (start -2.75 -5.8) (end 3.75 -5.8) (layer F.Fab) (width 0.15))
    (fp_line (start 3.75 -5.8) (end 3.75 5.8) (layer F.Fab) (width 0.15))
    (fp_line (start 3.75 5.8) (end -3.75 5.8) (layer F.Fab) (width 0.15))
    (fp_line (start -3.75 5.8) (end -3.75 -4.8) (layer F.Fab) (width 0.15))
    (fp_line (start -3.75 -4.8) (end -2.75 -5.8) (layer F.Fab) (width 0.15))
    (fp_line (start -5.95 -6.15) (end -5.95 6.15) (layer F.CrtYd) (width 0.05))
    (fp_line (start 5.95 -6.15) (end 5.95 6.15) (layer F.CrtYd) (width 0.05))
    (fp_line (start -5.95 -6.15) (end 5.95 -6.15) (layer F.CrtYd) (width 0.05))
    (fp_line (start -5.95 6.15) (end 5.95 6.15) (layer F.CrtYd) (width 0.05))
    (fp_line (start -3.875 -5.95) (end -3.875 -5.7) (layer F.SilkS) (width 0.15))
    (fp_line (start 3.875 -5.95) (end 3.875 -5.605) (layer F.SilkS) (width 0.15))
    (fp_line (start 3.875 5.95) (end 3.875 5.605) (layer F.SilkS) (width 0.15))
    (fp_line (start -3.875 5.95) (end -3.875 5.605) (layer F.SilkS) (width 0.15))
    (fp_line (start -3.875 -5.95) (end 3.875 -5.95) (layer F.SilkS) (width 0.15))
    (fp_line (start -3.875 5.95) (end 3.875 5.95) (layer F.SilkS) (width 0.15))
    (fp_line (start -3.875 -5.7) (end -5.7 -5.7) (layer F.SilkS) (width 0.15))
    (pad 1 smd rect (at -4.7 -5.08) (size 2 0.6) (layers F.Cu F.Paste F.Mask)
      (net 29 "Net-(U1-Pad14)"))
    (pad 2 smd rect (at -4.7 -3.81) (size 2 0.6) (layers F.Cu F.Paste F.Mask)
      (net 31 "Net-(U1-Pad16)"))
    (pad 3 smd rect (at -4.7 -2.54) (size 2 0.6) (layers F.Cu F.Paste F.Mask)
      (net 35 "Net-(U1-Pad20)"))
    (pad 4 smd rect (at -4.7 -1.27) (size 2 0.6) (layers F.Cu F.Paste F.Mask)
      (net 38 "Net-(U1-Pad23)"))
    (pad 5 smd rect (at -4.7 0) (size 2 0.6) (layers F.Cu F.Paste F.Mask)
      (net 36 "Net-(U1-Pad21)"))
    (pad 6 smd rect (at -4.7 1.27) (size 2 0.6) (layers F.Cu F.Paste F.Mask)
      (net 30 "Net-(U1-Pad15)"))
    (pad 7 smd rect (at -4.7 2.54) (size 2 0.6) (layers F.Cu F.Paste F.Mask)
      (net 32 "Net-(U1-Pad17)"))
    (pad 8 smd rect (at -4.7 3.81) (size 2 0.6) (layers F.Cu F.Paste F.Mask)
      (net 37 "Net-(U1-Pad22)"))
    (pad 9 smd rect (at -4.7 5.08) (size 2 0.6) (layers F.Cu F.Paste F.Mask)
      (net 40 +12V))
    (pad 10 smd rect (at 4.7 5.08) (size 2 0.6) (layers F.Cu F.Paste F.Mask)
      (net 20 GND))
    (pad 11 smd rect (at 4.7 3.81) (size 2 0.6) (layers F.Cu F.Paste F.Mask)
      (net 15 "Net-(R8-Pad2)"))
    (pad 12 smd rect (at 4.7 2.54) (size 2 0.6) (layers F.Cu F.Paste F.Mask)
      (net 14 "Net-(R7-Pad2)"))
    (pad 13 smd rect (at 4.7 1.27) (size 2 0.6) (layers F.Cu F.Paste F.Mask)
      (net 11 "Net-(R6-Pad2)"))
    (pad 14 smd rect (at 4.7 0) (size 2 0.6) (layers F.Cu F.Paste F.Mask)
      (net 10 "Net-(R5-Pad2)"))
    (pad 15 smd rect (at 4.7 -1.27) (size 2 0.6) (layers F.Cu F.Paste F.Mask)
      (net 7 "Net-(R4-Pad2)"))
    (pad 16 smd rect (at 4.7 -2.54) (size 2 0.6) (layers F.Cu F.Paste F.Mask)
      (net 6 "Net-(R3-Pad2)"))
    (pad 17 smd rect (at 4.7 -3.81) (size 2 0.6) (layers F.Cu F.Paste F.Mask)
      (net 3 "Net-(R2-Pad2)"))
    (pad 18 smd rect (at 4.7 -5.08) (size 2 0.6) (layers F.Cu F.Paste F.Mask)
      (net 2 "Net-(R1-Pad2)"))
    (model ${KISYS3DMOD}/Package_SO.3dshapes/SOIC-18W_7.5x11.6mm_P1.27mm.wrl
      (at (xyz 0 0 0))
      (scale (xyz 1 1 1))
      (rotate (xyz 0 0 0))
    )
  )

  (module Package_SO:SOIC-24W_7.5x15.4mm_P1.27mm (layer F.Cu) (tedit 5A02F2D3) (tstamp 5C7C78AD)
    (at 53.34 52.07)
    (descr "24-Lead Plastic Small Outline (SO) - Wide, 7.50 mm Body [SOIC] (see Microchip Packaging Specification 00000049BS.pdf)")
    (tags "SOIC 1.27")
    (path /5C78A76D)
    (attr smd)
    (fp_text reference U1 (at 0 -8.8) (layer F.SilkS)
      (effects (font (size 1 1) (thickness 0.15)))
    )
    (fp_text value MAX7219 (at 0 8.8) (layer F.Fab)
      (effects (font (size 1 1) (thickness 0.15)))
    )
    (fp_text user %R (at 0 0) (layer F.Fab)
      (effects (font (size 1 1) (thickness 0.15)))
    )
    (fp_line (start -2.75 -7.7) (end 3.75 -7.7) (layer F.Fab) (width 0.15))
    (fp_line (start 3.75 -7.7) (end 3.75 7.7) (layer F.Fab) (width 0.15))
    (fp_line (start 3.75 7.7) (end -3.75 7.7) (layer F.Fab) (width 0.15))
    (fp_line (start -3.75 7.7) (end -3.75 -6.7) (layer F.Fab) (width 0.15))
    (fp_line (start -3.75 -6.7) (end -2.75 -7.7) (layer F.Fab) (width 0.15))
    (fp_line (start -5.95 -8.05) (end -5.95 8.05) (layer F.CrtYd) (width 0.05))
    (fp_line (start 5.95 -8.05) (end 5.95 8.05) (layer F.CrtYd) (width 0.05))
    (fp_line (start -5.95 -8.05) (end 5.95 -8.05) (layer F.CrtYd) (width 0.05))
    (fp_line (start -5.95 8.05) (end 5.95 8.05) (layer F.CrtYd) (width 0.05))
    (fp_line (start -3.875 -7.875) (end -3.875 -7.6) (layer F.SilkS) (width 0.15))
    (fp_line (start 3.875 -7.875) (end 3.875 -7.51) (layer F.SilkS) (width 0.15))
    (fp_line (start 3.875 7.875) (end 3.875 7.51) (layer F.SilkS) (width 0.15))
    (fp_line (start -3.875 7.875) (end -3.875 7.51) (layer F.SilkS) (width 0.15))
    (fp_line (start -3.875 -7.875) (end 3.875 -7.875) (layer F.SilkS) (width 0.15))
    (fp_line (start -3.875 7.875) (end 3.875 7.875) (layer F.SilkS) (width 0.15))
    (fp_line (start -3.875 -7.6) (end -5.7 -7.6) (layer F.SilkS) (width 0.15))
    (pad 1 smd rect (at -4.7 -6.985) (size 2 0.6) (layers F.Cu F.Paste F.Mask)
      (net 17 "Net-(U1-Pad1)"))
    (pad 2 smd rect (at -4.7 -5.715) (size 2 0.6) (layers F.Cu F.Paste F.Mask)
      (net 18 "Net-(U1-Pad2)"))
    (pad 3 smd rect (at -4.7 -4.445) (size 2 0.6) (layers F.Cu F.Paste F.Mask)
      (net 19 "Net-(U1-Pad3)"))
    (pad 4 smd rect (at -4.7 -3.175) (size 2 0.6) (layers F.Cu F.Paste F.Mask)
      (net 20 GND))
    (pad 5 smd rect (at -4.7 -1.905) (size 2 0.6) (layers F.Cu F.Paste F.Mask)
      (net 21 "Net-(U1-Pad5)"))
    (pad 6 smd rect (at -4.7 -0.635) (size 2 0.6) (layers F.Cu F.Paste F.Mask)
      (net 22 "Net-(U1-Pad6)"))
    (pad 7 smd rect (at -4.7 0.635) (size 2 0.6) (layers F.Cu F.Paste F.Mask)
      (net 23 "Net-(U1-Pad7)"))
    (pad 8 smd rect (at -4.7 1.905) (size 2 0.6) (layers F.Cu F.Paste F.Mask)
      (net 24 "Net-(U1-Pad8)"))
    (pad 9 smd rect (at -4.7 3.175) (size 2 0.6) (layers F.Cu F.Paste F.Mask)
      (net 20 GND))
    (pad 10 smd rect (at -4.7 4.445) (size 2 0.6) (layers F.Cu F.Paste F.Mask)
      (net 25 "Net-(U1-Pad10)"))
    (pad 11 smd rect (at -4.7 5.715) (size 2 0.6) (layers F.Cu F.Paste F.Mask)
      (net 26 "Net-(U1-Pad11)"))
    (pad 12 smd rect (at -4.7 6.985) (size 2 0.6) (layers F.Cu F.Paste F.Mask)
      (net 27 "Net-(U1-Pad12)"))
    (pad 13 smd rect (at 4.7 6.985) (size 2 0.6) (layers F.Cu F.Paste F.Mask)
      (net 28 "Net-(U1-Pad13)"))
    (pad 14 smd rect (at 4.7 5.715) (size 2 0.6) (layers F.Cu F.Paste F.Mask)
      (net 29 "Net-(U1-Pad14)"))
    (pad 15 smd rect (at 4.7 4.445) (size 2 0.6) (layers F.Cu F.Paste F.Mask)
      (net 30 "Net-(U1-Pad15)"))
    (pad 16 smd rect (at 4.7 3.175) (size 2 0.6) (layers F.Cu F.Paste F.Mask)
      (net 31 "Net-(U1-Pad16)"))
    (pad 17 smd rect (at 4.7 1.905) (size 2 0.6) (layers F.Cu F.Paste F.Mask)
      (net 32 "Net-(U1-Pad17)"))
    (pad 18 smd rect (at 4.7 0.635) (size 2 0.6) (layers F.Cu F.Paste F.Mask)
      (net 33 "Net-(U1-Pad18)"))
    (pad 19 smd rect (at 4.7 -0.635) (size 2 0.6) (layers F.Cu F.Paste F.Mask)
      (net 34 +5V))
    (pad 20 smd rect (at 4.7 -1.905) (size 2 0.6) (layers F.Cu F.Paste F.Mask)
      (net 35 "Net-(U1-Pad20)"))
    (pad 21 smd rect (at 4.7 -3.175) (size 2 0.6) (layers F.Cu F.Paste F.Mask)
      (net 36 "Net-(U1-Pad21)"))
    (pad 22 smd rect (at 4.7 -4.445) (size 2 0.6) (layers F.Cu F.Paste F.Mask)
      (net 37 "Net-(U1-Pad22)"))
    (pad 23 smd rect (at 4.7 -5.715) (size 2 0.6) (layers F.Cu F.Paste F.Mask)
      (net 38 "Net-(U1-Pad23)"))
    (pad 24 smd rect (at 4.7 -6.985) (size 2 0.6) (layers F.Cu F.Paste F.Mask)
      (net 39 "Net-(U1-Pad24)"))
    (model ${KISYS3DMOD}/Package_SO.3dshapes/SOIC-24W_7.5x15.4mm_P1.27mm.wrl
      (at (xyz 0 0 0))
      (scale (xyz 1 1 1))
      (rotate (xyz 0 0 0))
    )
  )

  (module Resistor_SMD:R_1206_3216Metric_Pad1.42x1.75mm_HandSolder (layer F.Cu) (tedit 5B301BBD) (tstamp 5C7C7880)
    (at 89.9525 60.96 180)
    (descr "Resistor SMD 1206 (3216 Metric), square (rectangular) end terminal, IPC_7351 nominal with elongated pad for handsoldering. (Body size source: http://www.tortai-tech.com/upload/download/2011102023233369053.pdf), generated with kicad-footprint-generator")
    (tags "resistor handsolder")
    (path /5C79F998)
    (attr smd)
    (fp_text reference R8 (at 0 -1.82 180) (layer F.SilkS)
      (effects (font (size 1 1) (thickness 0.15)))
    )
    (fp_text value R (at 0 1.82 180) (layer F.Fab)
      (effects (font (size 1 1) (thickness 0.15)))
    )
    (fp_text user %R (at 0 0 180) (layer F.Fab)
      (effects (font (size 0.8 0.8) (thickness 0.12)))
    )
    (fp_line (start 2.45 1.12) (end -2.45 1.12) (layer F.CrtYd) (width 0.05))
    (fp_line (start 2.45 -1.12) (end 2.45 1.12) (layer F.CrtYd) (width 0.05))
    (fp_line (start -2.45 -1.12) (end 2.45 -1.12) (layer F.CrtYd) (width 0.05))
    (fp_line (start -2.45 1.12) (end -2.45 -1.12) (layer F.CrtYd) (width 0.05))
    (fp_line (start -0.602064 0.91) (end 0.602064 0.91) (layer F.SilkS) (width 0.12))
    (fp_line (start -0.602064 -0.91) (end 0.602064 -0.91) (layer F.SilkS) (width 0.12))
    (fp_line (start 1.6 0.8) (end -1.6 0.8) (layer F.Fab) (width 0.1))
    (fp_line (start 1.6 -0.8) (end 1.6 0.8) (layer F.Fab) (width 0.1))
    (fp_line (start -1.6 -0.8) (end 1.6 -0.8) (layer F.Fab) (width 0.1))
    (fp_line (start -1.6 0.8) (end -1.6 -0.8) (layer F.Fab) (width 0.1))
    (pad 2 smd roundrect (at 1.4875 0 180) (size 1.425 1.75) (layers F.Cu F.Paste F.Mask) (roundrect_rratio 0.175439)
      (net 15 "Net-(R8-Pad2)"))
    (pad 1 smd roundrect (at -1.4875 0 180) (size 1.425 1.75) (layers F.Cu F.Paste F.Mask) (roundrect_rratio 0.175439)
      (net 16 "Net-(R8-Pad1)"))
    (model ${KISYS3DMOD}/Resistor_SMD.3dshapes/R_1206_3216Metric.wrl
      (at (xyz 0 0 0))
      (scale (xyz 1 1 1))
      (rotate (xyz 0 0 0))
    )
  )

  (module Resistor_SMD:R_1206_3216Metric_Pad1.42x1.75mm_HandSolder (layer F.Cu) (tedit 5B301BBD) (tstamp 5C7C786F)
    (at 89.9525 58.42 180)
    (descr "Resistor SMD 1206 (3216 Metric), square (rectangular) end terminal, IPC_7351 nominal with elongated pad for handsoldering. (Body size source: http://www.tortai-tech.com/upload/download/2011102023233369053.pdf), generated with kicad-footprint-generator")
    (tags "resistor handsolder")
    (path /5C79F970)
    (attr smd)
    (fp_text reference R7 (at 0 -1.82 180) (layer F.SilkS)
      (effects (font (size 1 1) (thickness 0.15)))
    )
    (fp_text value R (at 0 1.82 180) (layer F.Fab)
      (effects (font (size 1 1) (thickness 0.15)))
    )
    (fp_line (start -1.6 0.8) (end -1.6 -0.8) (layer F.Fab) (width 0.1))
    (fp_line (start -1.6 -0.8) (end 1.6 -0.8) (layer F.Fab) (width 0.1))
    (fp_line (start 1.6 -0.8) (end 1.6 0.8) (layer F.Fab) (width 0.1))
    (fp_line (start 1.6 0.8) (end -1.6 0.8) (layer F.Fab) (width 0.1))
    (fp_line (start -0.602064 -0.91) (end 0.602064 -0.91) (layer F.SilkS) (width 0.12))
    (fp_line (start -0.602064 0.91) (end 0.602064 0.91) (layer F.SilkS) (width 0.12))
    (fp_line (start -2.45 1.12) (end -2.45 -1.12) (layer F.CrtYd) (width 0.05))
    (fp_line (start -2.45 -1.12) (end 2.45 -1.12) (layer F.CrtYd) (width 0.05))
    (fp_line (start 2.45 -1.12) (end 2.45 1.12) (layer F.CrtYd) (width 0.05))
    (fp_line (start 2.45 1.12) (end -2.45 1.12) (layer F.CrtYd) (width 0.05))
    (fp_text user %R (at 0 0 180) (layer F.Fab)
      (effects (font (size 0.8 0.8) (thickness 0.12)))
    )
    (pad 1 smd roundrect (at -1.4875 0 180) (size 1.425 1.75) (layers F.Cu F.Paste F.Mask) (roundrect_rratio 0.175439)
      (net 13 "Net-(R7-Pad1)"))
    (pad 2 smd roundrect (at 1.4875 0 180) (size 1.425 1.75) (layers F.Cu F.Paste F.Mask) (roundrect_rratio 0.175439)
      (net 14 "Net-(R7-Pad2)"))
    (model ${KISYS3DMOD}/Resistor_SMD.3dshapes/R_1206_3216Metric.wrl
      (at (xyz 0 0 0))
      (scale (xyz 1 1 1))
      (rotate (xyz 0 0 0))
    )
  )

  (module Resistor_SMD:R_1206_3216Metric_Pad1.42x1.75mm_HandSolder (layer F.Cu) (tedit 5B301BBD) (tstamp 5C7C785E)
    (at 89.9525 55.88 180)
    (descr "Resistor SMD 1206 (3216 Metric), square (rectangular) end terminal, IPC_7351 nominal with elongated pad for handsoldering. (Body size source: http://www.tortai-tech.com/upload/download/2011102023233369053.pdf), generated with kicad-footprint-generator")
    (tags "resistor handsolder")
    (path /5C79F94A)
    (attr smd)
    (fp_text reference R6 (at 0 -1.82 180) (layer F.SilkS)
      (effects (font (size 1 1) (thickness 0.15)))
    )
    (fp_text value R (at 0 1.82 180) (layer F.Fab)
      (effects (font (size 1 1) (thickness 0.15)))
    )
    (fp_text user %R (at 0 0 180) (layer F.Fab)
      (effects (font (size 0.8 0.8) (thickness 0.12)))
    )
    (fp_line (start 2.45 1.12) (end -2.45 1.12) (layer F.CrtYd) (width 0.05))
    (fp_line (start 2.45 -1.12) (end 2.45 1.12) (layer F.CrtYd) (width 0.05))
    (fp_line (start -2.45 -1.12) (end 2.45 -1.12) (layer F.CrtYd) (width 0.05))
    (fp_line (start -2.45 1.12) (end -2.45 -1.12) (layer F.CrtYd) (width 0.05))
    (fp_line (start -0.602064 0.91) (end 0.602064 0.91) (layer F.SilkS) (width 0.12))
    (fp_line (start -0.602064 -0.91) (end 0.602064 -0.91) (layer F.SilkS) (width 0.12))
    (fp_line (start 1.6 0.8) (end -1.6 0.8) (layer F.Fab) (width 0.1))
    (fp_line (start 1.6 -0.8) (end 1.6 0.8) (layer F.Fab) (width 0.1))
    (fp_line (start -1.6 -0.8) (end 1.6 -0.8) (layer F.Fab) (width 0.1))
    (fp_line (start -1.6 0.8) (end -1.6 -0.8) (layer F.Fab) (width 0.1))
    (pad 2 smd roundrect (at 1.4875 0 180) (size 1.425 1.75) (layers F.Cu F.Paste F.Mask) (roundrect_rratio 0.175439)
      (net 11 "Net-(R6-Pad2)"))
    (pad 1 smd roundrect (at -1.4875 0 180) (size 1.425 1.75) (layers F.Cu F.Paste F.Mask) (roundrect_rratio 0.175439)
      (net 12 "Net-(R6-Pad1)"))
    (model ${KISYS3DMOD}/Resistor_SMD.3dshapes/R_1206_3216Metric.wrl
      (at (xyz 0 0 0))
      (scale (xyz 1 1 1))
      (rotate (xyz 0 0 0))
    )
  )

  (module Resistor_SMD:R_1206_3216Metric_Pad1.42x1.75mm_HandSolder (layer F.Cu) (tedit 5B301BBD) (tstamp 5C7C784D)
    (at 89.9525 53.34 180)
    (descr "Resistor SMD 1206 (3216 Metric), square (rectangular) end terminal, IPC_7351 nominal with elongated pad for handsoldering. (Body size source: http://www.tortai-tech.com/upload/download/2011102023233369053.pdf), generated with kicad-footprint-generator")
    (tags "resistor handsolder")
    (path /5C79F8F0)
    (attr smd)
    (fp_text reference R5 (at 0 -1.82 180) (layer F.SilkS)
      (effects (font (size 1 1) (thickness 0.15)))
    )
    (fp_text value R (at 0 1.82 180) (layer F.Fab)
      (effects (font (size 1 1) (thickness 0.15)))
    )
    (fp_line (start -1.6 0.8) (end -1.6 -0.8) (layer F.Fab) (width 0.1))
    (fp_line (start -1.6 -0.8) (end 1.6 -0.8) (layer F.Fab) (width 0.1))
    (fp_line (start 1.6 -0.8) (end 1.6 0.8) (layer F.Fab) (width 0.1))
    (fp_line (start 1.6 0.8) (end -1.6 0.8) (layer F.Fab) (width 0.1))
    (fp_line (start -0.602064 -0.91) (end 0.602064 -0.91) (layer F.SilkS) (width 0.12))
    (fp_line (start -0.602064 0.91) (end 0.602064 0.91) (layer F.SilkS) (width 0.12))
    (fp_line (start -2.45 1.12) (end -2.45 -1.12) (layer F.CrtYd) (width 0.05))
    (fp_line (start -2.45 -1.12) (end 2.45 -1.12) (layer F.CrtYd) (width 0.05))
    (fp_line (start 2.45 -1.12) (end 2.45 1.12) (layer F.CrtYd) (width 0.05))
    (fp_line (start 2.45 1.12) (end -2.45 1.12) (layer F.CrtYd) (width 0.05))
    (fp_text user %R (at 0 0 180) (layer F.Fab)
      (effects (font (size 0.8 0.8) (thickness 0.12)))
    )
    (pad 1 smd roundrect (at -1.4875 0 180) (size 1.425 1.75) (layers F.Cu F.Paste F.Mask) (roundrect_rratio 0.175439)
      (net 9 "Net-(R5-Pad1)"))
    (pad 2 smd roundrect (at 1.4875 0 180) (size 1.425 1.75) (layers F.Cu F.Paste F.Mask) (roundrect_rratio 0.175439)
      (net 10 "Net-(R5-Pad2)"))
    (model ${KISYS3DMOD}/Resistor_SMD.3dshapes/R_1206_3216Metric.wrl
      (at (xyz 0 0 0))
      (scale (xyz 1 1 1))
      (rotate (xyz 0 0 0))
    )
  )

  (module Resistor_SMD:R_1206_3216Metric_Pad1.42x1.75mm_HandSolder (layer F.Cu) (tedit 5B301BBD) (tstamp 5C7C783C)
    (at 89.9525 50.8 180)
    (descr "Resistor SMD 1206 (3216 Metric), square (rectangular) end terminal, IPC_7351 nominal with elongated pad for handsoldering. (Body size source: http://www.tortai-tech.com/upload/download/2011102023233369053.pdf), generated with kicad-footprint-generator")
    (tags "resistor handsolder")
    (path /5C79F8C8)
    (attr smd)
    (fp_text reference R4 (at 0 -1.82 180) (layer F.SilkS)
      (effects (font (size 1 1) (thickness 0.15)))
    )
    (fp_text value R (at 0 1.82 180) (layer F.Fab)
      (effects (font (size 1 1) (thickness 0.15)))
    )
    (fp_text user %R (at 0 0 180) (layer F.Fab)
      (effects (font (size 0.8 0.8) (thickness 0.12)))
    )
    (fp_line (start 2.45 1.12) (end -2.45 1.12) (layer F.CrtYd) (width 0.05))
    (fp_line (start 2.45 -1.12) (end 2.45 1.12) (layer F.CrtYd) (width 0.05))
    (fp_line (start -2.45 -1.12) (end 2.45 -1.12) (layer F.CrtYd) (width 0.05))
    (fp_line (start -2.45 1.12) (end -2.45 -1.12) (layer F.CrtYd) (width 0.05))
    (fp_line (start -0.602064 0.91) (end 0.602064 0.91) (layer F.SilkS) (width 0.12))
    (fp_line (start -0.602064 -0.91) (end 0.602064 -0.91) (layer F.SilkS) (width 0.12))
    (fp_line (start 1.6 0.8) (end -1.6 0.8) (layer F.Fab) (width 0.1))
    (fp_line (start 1.6 -0.8) (end 1.6 0.8) (layer F.Fab) (width 0.1))
    (fp_line (start -1.6 -0.8) (end 1.6 -0.8) (layer F.Fab) (width 0.1))
    (fp_line (start -1.6 0.8) (end -1.6 -0.8) (layer F.Fab) (width 0.1))
    (pad 2 smd roundrect (at 1.4875 0 180) (size 1.425 1.75) (layers F.Cu F.Paste F.Mask) (roundrect_rratio 0.175439)
      (net 7 "Net-(R4-Pad2)"))
    (pad 1 smd roundrect (at -1.4875 0 180) (size 1.425 1.75) (layers F.Cu F.Paste F.Mask) (roundrect_rratio 0.175439)
      (net 8 "Net-(R4-Pad1)"))
    (model ${KISYS3DMOD}/Resistor_SMD.3dshapes/R_1206_3216Metric.wrl
      (at (xyz 0 0 0))
      (scale (xyz 1 1 1))
      (rotate (xyz 0 0 0))
    )
  )

  (module Resistor_SMD:R_1206_3216Metric_Pad1.42x1.75mm_HandSolder (layer F.Cu) (tedit 5B301BBD) (tstamp 5C7C782B)
    (at 89.9525 48.26 180)
    (descr "Resistor SMD 1206 (3216 Metric), square (rectangular) end terminal, IPC_7351 nominal with elongated pad for handsoldering. (Body size source: http://www.tortai-tech.com/upload/download/2011102023233369053.pdf), generated with kicad-footprint-generator")
    (tags "resistor handsolder")
    (path /5C79F8A8)
    (attr smd)
    (fp_text reference R3 (at 0 -1.82 180) (layer F.SilkS)
      (effects (font (size 1 1) (thickness 0.15)))
    )
    (fp_text value R (at 0 1.82 180) (layer F.Fab)
      (effects (font (size 1 1) (thickness 0.15)))
    )
    (fp_line (start -1.6 0.8) (end -1.6 -0.8) (layer F.Fab) (width 0.1))
    (fp_line (start -1.6 -0.8) (end 1.6 -0.8) (layer F.Fab) (width 0.1))
    (fp_line (start 1.6 -0.8) (end 1.6 0.8) (layer F.Fab) (width 0.1))
    (fp_line (start 1.6 0.8) (end -1.6 0.8) (layer F.Fab) (width 0.1))
    (fp_line (start -0.602064 -0.91) (end 0.602064 -0.91) (layer F.SilkS) (width 0.12))
    (fp_line (start -0.602064 0.91) (end 0.602064 0.91) (layer F.SilkS) (width 0.12))
    (fp_line (start -2.45 1.12) (end -2.45 -1.12) (layer F.CrtYd) (width 0.05))
    (fp_line (start -2.45 -1.12) (end 2.45 -1.12) (layer F.CrtYd) (width 0.05))
    (fp_line (start 2.45 -1.12) (end 2.45 1.12) (layer F.CrtYd) (width 0.05))
    (fp_line (start 2.45 1.12) (end -2.45 1.12) (layer F.CrtYd) (width 0.05))
    (fp_text user %R (at 0 0 180) (layer F.Fab)
      (effects (font (size 0.8 0.8) (thickness 0.12)))
    )
    (pad 1 smd roundrect (at -1.4875 0 180) (size 1.425 1.75) (layers F.Cu F.Paste F.Mask) (roundrect_rratio 0.175439)
      (net 5 "Net-(R3-Pad1)"))
    (pad 2 smd roundrect (at 1.4875 0 180) (size 1.425 1.75) (layers F.Cu F.Paste F.Mask) (roundrect_rratio 0.175439)
      (net 6 "Net-(R3-Pad2)"))
    (model ${KISYS3DMOD}/Resistor_SMD.3dshapes/R_1206_3216Metric.wrl
      (at (xyz 0 0 0))
      (scale (xyz 1 1 1))
      (rotate (xyz 0 0 0))
    )
  )

  (module Resistor_SMD:R_1206_3216Metric_Pad1.42x1.75mm_HandSolder (layer F.Cu) (tedit 5B301BBD) (tstamp 5C7C781A)
    (at 89.9525 45.72)
    (descr "Resistor SMD 1206 (3216 Metric), square (rectangular) end terminal, IPC_7351 nominal with elongated pad for handsoldering. (Body size source: http://www.tortai-tech.com/upload/download/2011102023233369053.pdf), generated with kicad-footprint-generator")
    (tags "resistor handsolder")
    (path /5C79F85E)
    (attr smd)
    (fp_text reference R2 (at 0 -1.82) (layer F.SilkS)
      (effects (font (size 1 1) (thickness 0.15)))
    )
    (fp_text value R (at 0 1.82) (layer F.Fab)
      (effects (font (size 1 1) (thickness 0.15)))
    )
    (fp_text user %R (at 0 0) (layer F.Fab)
      (effects (font (size 0.8 0.8) (thickness 0.12)))
    )
    (fp_line (start 2.45 1.12) (end -2.45 1.12) (layer F.CrtYd) (width 0.05))
    (fp_line (start 2.45 -1.12) (end 2.45 1.12) (layer F.CrtYd) (width 0.05))
    (fp_line (start -2.45 -1.12) (end 2.45 -1.12) (layer F.CrtYd) (width 0.05))
    (fp_line (start -2.45 1.12) (end -2.45 -1.12) (layer F.CrtYd) (width 0.05))
    (fp_line (start -0.602064 0.91) (end 0.602064 0.91) (layer F.SilkS) (width 0.12))
    (fp_line (start -0.602064 -0.91) (end 0.602064 -0.91) (layer F.SilkS) (width 0.12))
    (fp_line (start 1.6 0.8) (end -1.6 0.8) (layer F.Fab) (width 0.1))
    (fp_line (start 1.6 -0.8) (end 1.6 0.8) (layer F.Fab) (width 0.1))
    (fp_line (start -1.6 -0.8) (end 1.6 -0.8) (layer F.Fab) (width 0.1))
    (fp_line (start -1.6 0.8) (end -1.6 -0.8) (layer F.Fab) (width 0.1))
    (pad 2 smd roundrect (at 1.4875 0) (size 1.425 1.75) (layers F.Cu F.Paste F.Mask) (roundrect_rratio 0.175439)
      (net 3 "Net-(R2-Pad2)"))
    (pad 1 smd roundrect (at -1.4875 0) (size 1.425 1.75) (layers F.Cu F.Paste F.Mask) (roundrect_rratio 0.175439)
      (net 4 "Net-(R2-Pad1)"))
    (model ${KISYS3DMOD}/Resistor_SMD.3dshapes/R_1206_3216Metric.wrl
      (at (xyz 0 0 0))
      (scale (xyz 1 1 1))
      (rotate (xyz 0 0 0))
    )
  )

  (module Resistor_SMD:R_1206_3216Metric_Pad1.42x1.75mm_HandSolder (layer F.Cu) (tedit 5B301BBD) (tstamp 5C7C7809)
    (at 89.9525 43.18 180)
    (descr "Resistor SMD 1206 (3216 Metric), square (rectangular) end terminal, IPC_7351 nominal with elongated pad for handsoldering. (Body size source: http://www.tortai-tech.com/upload/download/2011102023233369053.pdf), generated with kicad-footprint-generator")
    (tags "resistor handsolder")
    (path /5C79F81F)
    (attr smd)
    (fp_text reference R1 (at 0 -1.82 180) (layer F.SilkS)
      (effects (font (size 1 1) (thickness 0.15)))
    )
    (fp_text value R (at 0 1.82 180) (layer F.Fab)
      (effects (font (size 1 1) (thickness 0.15)))
    )
    (fp_line (start -1.6 0.8) (end -1.6 -0.8) (layer F.Fab) (width 0.1))
    (fp_line (start -1.6 -0.8) (end 1.6 -0.8) (layer F.Fab) (width 0.1))
    (fp_line (start 1.6 -0.8) (end 1.6 0.8) (layer F.Fab) (width 0.1))
    (fp_line (start 1.6 0.8) (end -1.6 0.8) (layer F.Fab) (width 0.1))
    (fp_line (start -0.602064 -0.91) (end 0.602064 -0.91) (layer F.SilkS) (width 0.12))
    (fp_line (start -0.602064 0.91) (end 0.602064 0.91) (layer F.SilkS) (width 0.12))
    (fp_line (start -2.45 1.12) (end -2.45 -1.12) (layer F.CrtYd) (width 0.05))
    (fp_line (start -2.45 -1.12) (end 2.45 -1.12) (layer F.CrtYd) (width 0.05))
    (fp_line (start 2.45 -1.12) (end 2.45 1.12) (layer F.CrtYd) (width 0.05))
    (fp_line (start 2.45 1.12) (end -2.45 1.12) (layer F.CrtYd) (width 0.05))
    (fp_text user %R (at 0 0 180) (layer F.Fab)
      (effects (font (size 0.8 0.8) (thickness 0.12)))
    )
    (pad 1 smd roundrect (at -1.4875 0 180) (size 1.425 1.75) (layers F.Cu F.Paste F.Mask) (roundrect_rratio 0.175439)
      (net 1 "Net-(R1-Pad1)"))
    (pad 2 smd roundrect (at 1.4875 0 180) (size 1.425 1.75) (layers F.Cu F.Paste F.Mask) (roundrect_rratio 0.175439)
      (net 2 "Net-(R1-Pad2)"))
    (model ${KISYS3DMOD}/Resistor_SMD.3dshapes/R_1206_3216Metric.wrl
      (at (xyz 0 0 0))
      (scale (xyz 1 1 1))
      (rotate (xyz 0 0 0))
    )
  )

)
